1000
3633
7157
3145
4953
7984
7854
2111
3893
7413
7804
5759
5896
1544
158
5310
4856
3529
293
747
5901
4022
6451
3558
7051
4114
4179
467
4210
4671
5863
3194
3284
6623
669
3685
1532
7866
7005
7905
3254
2397
4520
6344
4494
3448
5769
2394
3447
2791
3492
3804
3941
5008
4969
2309
531
4617
4381
4006
6026
3526
1579
7289
5798
6274
472
5941
850
2741
7802
3990
7202
3565
7630
1795
2787
319
6281
165
7731
7942
7211
114
1524
1569
6708
3852
1441
3370
1252
2465
4821
6854
6524
7862
2901
452
6140
864
243
3325
6552
3008
3501
5184
6781
7278
7539
1842
7615
7475
5756
3581
6576
1881
6356
5403
3531
6222
7430
4558
6536
3920
2362
6057
3603
806
3979
1369
6496
6086
4457
6089
4842
1637
3916
7705
984
5858
5528
1798
4877
2957
2461
1530
761
1234
2124
6455
6454
192
2794
7848
4681
3006
2562
6881
3597
4365
5881
1490
2700
4445
5201
1603
378
6070
1583
1056
115
4310
6851
6712
5601
543
5769
6733
7911
121
5196
3855
2120
2196
3075
3370
3837
3388
3529
3291
343
6904
7744
1593
2119
7121
44
2766
5774
2515
7509
4837
6259
7896
58
7520
4578
6395
5765
2491
2355
2069
4686
7532
1749
5177
6272
5354
5220
214
7810
7046
2838
7934
7492
2494
1266
1261
2278
4251
1774
3512
4467
6093
6827
466
660
2673
828
3077
2001
6844
5384
5326
3807
3447
3239
4288
1617
568
5374
2520
772
3993
5003
2792
1981
6864
566
3000
4562
2134
4134
1886
1873
3587
1233
5685
4003
2286
3667
4753
7701
500
639
3241
6072
619
6774
61
3163
1951
1090
5138
4536
4569
1852
3759
2850
3831
2460
6175
2092
439
5418
3182
7699
2299
2094
4508
6595
4969
5240
5219
697
2289
511
1351
6813
7626
6154
5860
6052
1035
6125
3820
5280
6351
4972
5531
6300
7620
1046
1862
2391
6600
3675
4216
1189
877
1445
773
5136
5185
7907
3799
4492
3149
5514
2380
5691
6081
4316
2575
4179
7513
2190
4223
6668
3514
96
2421
5237
5502
3812
2316
3060
2762
4472
4781
4756
4581
153
3014
6910
4659
2171
7933
449
753
6274
1254
1008
7904
3060
3420
7481
3303
6801
1273
4726
7043
2350
440
1419
4085
1374
2963
6052
6879
5371
5973
146
6365
6990
4643
1935
1666
5908
928
6715
4349
6143
1918
2351
2568
4460
2374
698
5458
3076
7195
1255
7714
6152
4685
453
6666
6391
6755
3990
5751
48
4319
514
5368
4731
1997
6514
455
5751
7922
3090
2455
3992
250
3049
698
4500
2903
4434
3304
552
5590
5050
7888
1900
3789
435
4983
5013
3016
4365
7471
2069
6579
1952
96
2220
5676
4546
408
6206
4674
4335
2226
4892
135
5479
4259
596
6928
6428
4890
6535
3657
1721
532
6159
4258
691
2400
5840
7462
1049
5436
7025
5835
3582
518
1521
7155
4203
3406
7134
2247
5704
7809
1498
1830
2506
2073
300
7815
2538
1829
966
7038
6705
799
4424
1362
2792
2097
596
5184
3161
376
98
673
7371
1730
2183
3139
2177
5354
3039
4924
2751
3209
35
2019
5001
7663
4402
901
1435
3240
4764
7280
7745
18
2837
193
4923
4772
7808
905
2824
6933
6461
7102
6698
5974
6644
4100
3782
480
1815
2407
2536
3771
2357
7284
7595
2972
3049
5539
4058
1591
5274
1975
3590
3086
3804
4628
2176
3949
5045
5334
1873
3703
4034
5914
6041
6952
5757
4276
6718
2031
6650
2105
4565
5392
2589
415
6837
6137
4480
4456
6378
7776
1368
911
4827
7989
7256
310
5293
6994
2700
6640
836
7172
5262
779
3296
3195
5079
3852
2599
3224
375
7830
762
4426
7334
1950
1089
3341
1952
4818
1675
5316
2502
522
1536
178
2725
2216
7874
283
4301
5816
1398
212
4709
7264
6706
5431
631
709
2711
2649
5901
3556
6231
4973
2142
7762
7437
101
3187
4361
7180
376
3428
496
1868
5181
7980
6838
6799
5985
540
1367
3125
2409
573
6468
171
4509
6881
2426
251
7599
963
3992
5704
798
3372
5943
1325
4296
3840
2210
1323
1679
2191
4793
6415
162
3900
6223
4965
4056
7887
382
5049
4339
6498
1074
6695
6206
1042
3879
7689
4773
302
4511
2690
7080
2740
2983
5087
1664
2394
7787
3235
6058
3385
7349
4825
5495
5273
7561
361
5606
3772
2586
504
1443
4059
4688
465
4224
13
7753
2924
1756
2281
880
2676
6112
5204
3942
7254
7633
2231
7700
32
1456
4359
5418
1153
1828
4517
278
2715
3817
6390
377
4096
2850
6379
7422
677
5729
3439
5447
734
2354
3360
2571
1786
66
170
2803
5697
3853
7384
6963
5931
4108
6099
1550
3398
4544
2054
6482
1905
6507
4933
6032
1206
5985
5202
7488
7071
1525
1441
3120
5096
1457
6581
5520
7667
3475
5514
7286
6991
1899
2124
3605
1229
536
3781
5918
1865
7907
1627
7496
5924
4304
5210
1015
3018
1954
1487
4300
6409
6374
2194
1656
7160
2850
1128
5379
7073
1659
4662
913
4558
2797
7628
6651
3938
74
4792
6765
3308
661
1082
4860
2951
4968
5021
6817
6542
5024
731
7297
1886
1325
1970
6699
2110
458
104
5547
6348
1373
2905
1777
5965
56
5935
6955
7315
5364
5639
4226
4137
2008
6062
2507
7745
1799
1658
5275
6314
1912
5836
122
6840
5128
721
5104
3014
405
5372
6894
3857
2451
2812
5650
636
4540
4522
2404
4044
3035
3204
657
5639
351
2586
3936
3744
7085
6382
4787
1268
3921
4487
2559
4183
4463
766
6164
553
7226
7157
7777
6223
1710
395
5667
3353
1000
3391
281
4304
120
3295
4379
379
4795
4353
4345
4685
5638
7862
2279
4509
3394
909
5628
1945
5027
2954
1003
1407
7987
2560
1130
4372
2337
5919
7362
140
7044
4451
7346
3452
795
6667
7185
515
6149
1238
5575
5587
4291
3096
7106
5102
2520
2213
3440
5007